1 1 1 1 1 1 1 1 1 1 1 1 1 1 1 1
1 0 0 0 0 0 0 0 0 0 0 0 0 0 0 1
1 0 1 1 1 0 0 1 0 0 0 1 1 1 0 1
1 0 1 2 1 0 0 1 0 0 0 1 0 0 0 1
1 0 1 1 1 0 1 2 1 0 0 1 0 0 0 1
1 0 1 0 0 0 1 1 1 0 0 1 0 0 0 1
1 0 1 0 0 1 1 0 1 1 0 1 1 1 0 1
1 0 0 0 0 0 0 0 0 0 0 0 0 0 0 1
1 0 1 0 0 0 1 0 1 0 1 0 0 1 0 1
1 0 1 1 0 1 1 0 1 0 1 1 0 1 0 1
1 0 1 0 1 0 1 0 1 0 1 0 1 1 0 1
1 0 1 0 0 0 1 0 1 0 1 0 0 1 0 1
1 0 1 0 0 0 1 0 1 0 1 0 0 1 0 1
1 0 0 0 0 0 0 0 0 0 0 0 0 0 0 1
1 0 1 0 0 4 4 4 0 0 1 0 0 1 0 1
1 0 1 0 4 3 3 3 4 0 1 1 0 1 0 1
1 0 1 0 4 3 5 3 4 0 1 0 1 1 0 1
1 0 1 0 4 3 3 3 4 0 1 0 0 1 0 1
1 0 1 0 0 4 4 4 0 0 1 0 0 1 0 1
1 0 0 0 0 0 0 0 0 0 0 0 0 0 0 1
1 1 1 1 1 1 1 1 1 1 1 1 1 1 1 1